Level: 1
Model: lgb
Accuracy: 0.4405

Classification Report:
{'0': {'precision': 0.0, 'recall': 0.0, 'f1-score': 0.0, 'support': 22.0}, '1': {'precision': 0.0, 'recall': 0.0, 'f1-score': 0.0, 'support': 7.0}, '2': {'precision': 0.0, 'recall': 0.0, 'f1-score': 0.0, 'support': 17.0}, '3': {'precision': 0.0, 'recall': 0.0, 'f1-score': 0.0, 'support': 17.0}, '4': {'precision': 0.0, 'recall': 0.0, 'f1-score': 0.0, 'support': 11.0}, '5': {'precision': 0.0, 'recall': 0.0, 'f1-score': 0.0, 'support': 2.0}, '6': {'precision': 0.0, 'recall': 0.0, 'f1-score': 0.0, 'support': 13.0}, '7': {'precision': 0.0, 'recall': 0.0, 'f1-score': 0.0, 'support': 0.0}, '8': {'precision': 0.0, 'recall': 0.0, 'f1-score': 0.0, 'support': 9.0}, '9': {'precision': 0.0, 'recall': 0.0, 'f1-score': 0.0, 'support': 13.0}, '10': {'precision': 0.0, 'recall': 0.0, 'f1-score': 0.0, 'support': 41.0}, '11': {'precision': 0.08695652173913043, 'recall': 0.0625, 'f1-score': 0.07272727272727272, 'support': 32.0}, '12': {'precision': 0.0, 'recall': 0.0, 'f1-score': 0.0, 'support': 7.0}, '13': {'precision': 0.49556213017751477, 'recall': 0.9357541899441341, 'f1-score': 0.6479690522243713, 'support': 358.0}, '14': {'precision': 0.0, 'recall': 0.0, 'f1-score': 0.0, 'support': 23.0}, '15': {'precision': 0.0, 'recall': 0.0, 'f1-score': 0.0, 'support': 8.0}, '16': {'precision': 0.0, 'recall': 0.0, 'f1-score': 0.0, 'support': 23.0}, '17': {'precision': 0.0, 'recall': 0.0, 'f1-score': 0.0, 'support': 2.0}, '18': {'precision': 0.0, 'recall': 0.0, 'f1-score': 0.0, 'support': 19.0}, '20': {'precision': 0.0, 'recall': 0.0, 'f1-score': 0.0, 'support': 38.0}, '21': {'precision': 0.0, 'recall': 0.0, 'f1-score': 0.0, 'support': 37.0}, '22': {'precision': 0.0, 'recall': 0.0, 'f1-score': 0.0, 'support': 12.0}, '23': {'precision': 0.0, 'recall': 0.0, 'f1-score': 0.0, 'support': 13.0}, '24': {'precision': 0.0, 'recall': 0.0, 'f1-score': 0.0, 'support': 3.0}, '26': {'precision': 0.0, 'recall': 0.0, 'f1-score': 0.0, 'support': 5.0}, '27': {'precision': 0.0, 'recall': 0.0, 'f1-score': 0.0, 'support': 8.0}, '29': {'precision': 0.0, 'recall': 0.0, 'f1-score': 0.0, 'support': 5.0}, '30': {'precision': 0.0, 'recall': 0.0, 'f1-score': 0.0, 'support': 12.0}, '31': {'precision': 0.0, 'recall': 0.0, 'f1-score': 0.0, 'support': 0.0}, '33': {'precision': 0.0, 'recall': 0.0, 'f1-score': 0.0, 'support': 4.0}, '34': {'precision': 0.0, 'recall': 0.0, 'f1-score': 0.0, 'support': 4.0}, 'accuracy': 0.44052287581699345, 'macro avg': {'precision': 0.01879092425537565, 'recall': 0.032201748062714, 'f1-score': 0.02324826854682723, 'support': 765.0}, 'weighted avg': {'precision': 0.23554751803817314, 'recall': 0.44052287581699345, 'f1-score': 0.3062747626452257, 'support': 765.0}}

Confusion Matrix:
[[  0   0   0   0   0   0   0   0   0   0   0   2   1  18   0   0   1   0
    0   0   0   0   0   0   0   0   0   0   0   0   0]
 [  0   0   0   0   0   0   0   0   0   0   0   0   0   7   0   0   0   0
    0   0   0   0   0   0   0   0   0   0   0   0   0]
 [  0   0   0   0   0   0   0   0   0   0   1   1   0  15   0   0   0   0
    0   0   0   0   0   0   0   0   0   0   0   0   0]
 [  0   0   0   0   0   0   0   0   1   0   0   0   0  15   0   0   1   0
    0   0   0   0   0   0   0   0   0   0   0   0   0]
 [  0   0   0   0   0   0   0   0   0   0   0   1   1   7   0   0   2   0
    0   0   0   0   0   0   0   0   0   0   0   0   0]
 [  0   0   0   0   0   0   0   0   0   0   0   0   0   2   0   0   0   0
    0   0   0   0   0   0   0   0   0   0   0   0   0]
 [  0   0   0   1   0   0   0   0   0   0   0   0   0  11   0   0   0   0
    0   0   0   1   0   0   0   0   0   0   0   0   0]
 [  0   0   0   0   0   0   0   0   0   0   0   0   0   0   0   0   0   0
    0   0   0   0   0   0   0   0   0   0   0   0   0]
 [  0   0   0   0   0   0   1   0   0   0   0   0   0   7   0   0   0   0
    0   0   0   0   0   0   1   0   0   0   0   0   0]
 [  0   0   0   0   0   0   0   0   0   0   0   1   0  11   0   0   0   0
    0   0   0   0   0   0   0   0   0   1   0   0   0]
 [  0   0   0   0   0   0   1   0   1   0   0   1   0  34   0   1   1   0
    0   1   0   0   1   0   0   0   0   0   0   0   0]
 [  0   0   0   0   1   0   0   1   0   0   1   2   0  27   0   0   0   0
    0   0   0   0   0   0   0   0   0   0   0   0   0]
 [  0   0   0   0   0   0   0   0   0   0   1   0   0   6   0   0   0   0
    0   0   0   0   0   0   0   0   0   0   0   0   0]
 [  0   0   0   0   0   0   0   0   1   2   6  10   0 335   1   0   1   0
    0   1   0   0   0   0   0   0   0   1   0   0   0]
 [  0   0   0   1   0   0   0   0   0   0   1   0   0  19   0   0   1   0
    0   1   0   0   0   0   0   0   0   0   0   0   0]
 [  0   0   0   0   0   0   0   0   1   0   0   0   0   5   2   0   0   0
    0   0   0   0   0   0   0   0   0   0   0   0   0]
 [  0   0   0   0   0   0   0   0   0   0   0   0   0  23   0   0   0   0
    0   0   0   0   0   0   0   0   0   0   0   0   0]
 [  0   0   0   0   0   0   0   0   0   0   0   0   0   2   0   0   0   0
    0   0   0   0   0   0   0   0   0   0   0   0   0]
 [  0   0   0   0   0   0   0   0   0   0   1   1   0  16   0   0   0   0
    0   0   0   0   0   0   0   0   0   0   1   0   0]
 [  0   0   0   0   1   0   0   0   2   2   1   1   0  30   0   0   0   0
    1   0   0   0   0   0   0   0   0   0   0   0   0]
 [  0   0   0   1   0   0   0   0   0   0   1   1   0  29   1   0   1   0
    1   1   0   1   0   0   0   0   0   0   0   0   0]
 [  0   0   0   1   0   0   0   0   0   0   0   1   0  10   0   0   0   0
    0   0   0   0   0   0   0   0   0   0   0   0   0]
 [  0   0   0   0   0   0   0   0   0   1   0   1   0  10   0   0   0   0
    1   0   0   0   0   0   0   0   0   0   0   0   0]
 [  0   0   0   0   0   0   0   0   0   0   0   0   0   3   0   0   0   0
    0   0   0   0   0   0   0   0   0   0   0   0   0]
 [  0   0   0   0   0   0   0   0   0   0   0   0   0   5   0   0   0   0
    0   0   0   0   0   0   0   0   0   0   0   0   0]
 [  0   0   0   0   0   0   0   0   0   0   0   0   0   6   0   0   0   0
    0   0   0   1   0   0   0   0   0   0   0   0   1]
 [  0   0   0   0   0   0   0   0   0   0   0   0   0   5   0   0   0   0
    0   0   0   0   0   0   0   0   0   0   0   0   0]
 [  0   0   0   0   0   0   0   0   0   0   0   0   0  12   0   0   0   0
    0   0   0   0   0   0   0   0   0   0   0   0   0]
 [  0   0   0   0   0   0   0   0   0   0   0   0   0   0   0   0   0   0
    0   0   0   0   0   0   0   0   0   0   0   0   0]
 [  0   0   0   0   0   0   0   0   0   0   0   0   0   4   0   0   0   0
    0   0   0   0   0   0   0   0   0   0   0   0   0]
 [  0   0   0   1   1   0   0   0   0   0   0   0   0   2   0   0   0   0
    0   0   0   0   0   0   0   0   0   0   0   0   0]]
