Level: 1
Model: xgb
Accuracy: 0.5948

Classification Report:
{'0': {'precision': 0.3333333333333333, 'recall': 0.22727272727272727, 'f1-score': 0.27027027027027023, 'support': 22.0}, '1': {'precision': 0.5, 'recall': 0.14285714285714285, 'f1-score': 0.22222222222222224, 'support': 7.0}, '2': {'precision': 0.3076923076923077, 'recall': 0.23529411764705882, 'f1-score': 0.26666666666666666, 'support': 17.0}, '3': {'precision': 0.375, 'recall': 0.17647058823529413, 'f1-score': 0.24, 'support': 17.0}, '4': {'precision': 0.0, 'recall': 0.0, 'f1-score': 0.0, 'support': 11.0}, '5': {'precision': 0.5, 'recall': 0.5, 'f1-score': 0.5, 'support': 2.0}, '6': {'precision': 0.75, 'recall': 0.46153846153846156, 'f1-score': 0.5714285714285714, 'support': 13.0}, '7': {'precision': 0.0, 'recall': 0.0, 'f1-score': 0.0, 'support': 0.0}, '8': {'precision': 1.0, 'recall': 0.1111111111111111, 'f1-score': 0.19999999999999998, 'support': 9.0}, '9': {'precision': 0.42857142857142855, 'recall': 0.23076923076923078, 'f1-score': 0.3, 'support': 13.0}, '10': {'precision': 0.3125, 'recall': 0.24390243902439024, 'f1-score': 0.273972602739726, 'support': 41.0}, '11': {'precision': 0.6341463414634146, 'recall': 0.8125, 'f1-score': 0.7123287671232876, 'support': 32.0}, '12': {'precision': 0.0, 'recall': 0.0, 'f1-score': 0.0, 'support': 7.0}, '13': {'precision': 0.7276595744680852, 'recall': 0.9553072625698324, 'f1-score': 0.8260869565217391, 'support': 358.0}, '14': {'precision': 0.375, 'recall': 0.2608695652173913, 'f1-score': 0.30769230769230765, 'support': 23.0}, '15': {'precision': 0.6, 'recall': 0.375, 'f1-score': 0.4615384615384615, 'support': 8.0}, '16': {'precision': 0.16666666666666666, 'recall': 0.17391304347826086, 'f1-score': 0.1702127659574468, 'support': 23.0}, '17': {'precision': 0.0, 'recall': 0.0, 'f1-score': 0.0, 'support': 2.0}, '18': {'precision': 0.5333333333333333, 'recall': 0.42105263157894735, 'f1-score': 0.47058823529411764, 'support': 19.0}, '20': {'precision': 0.2962962962962963, 'recall': 0.21052631578947367, 'f1-score': 0.24615384615384617, 'support': 38.0}, '21': {'precision': 0.2702702702702703, 'recall': 0.2702702702702703, 'f1-score': 0.2702702702702703, 'support': 37.0}, '22': {'precision': 0.08333333333333333, 'recall': 0.08333333333333333, 'f1-score': 0.08333333333333333, 'support': 12.0}, '23': {'precision': 0.5, 'recall': 0.23076923076923078, 'f1-score': 0.3157894736842105, 'support': 13.0}, '24': {'precision': 0.0, 'recall': 0.0, 'f1-score': 0.0, 'support': 3.0}, '26': {'precision': 0.0, 'recall': 0.0, 'f1-score': 0.0, 'support': 5.0}, '27': {'precision': 1.0, 'recall': 0.5, 'f1-score': 0.6666666666666666, 'support': 8.0}, '29': {'precision': 1.0, 'recall': 0.4, 'f1-score': 0.5714285714285715, 'support': 5.0}, '30': {'precision': 0.4, 'recall': 0.16666666666666666, 'f1-score': 0.23529411764705882, 'support': 12.0}, '33': {'precision': 0.6666666666666666, 'recall': 0.5, 'f1-score': 0.5714285714285715, 'support': 4.0}, '34': {'precision': 0.0, 'recall': 0.0, 'f1-score': 0.0, 'support': 4.0}, '36': {'precision': 0.0, 'recall': 0.0, 'f1-score': 0.0, 'support': 0.0}, 'accuracy': 0.5947712418300654, 'macro avg': {'precision': 0.379369985551456, 'recall': 0.24804593993963947, 'f1-score': 0.28236686058281757, 'support': 765.0}, 'weighted avg': {'precision': 0.5463861886464412, 'recall': 0.5947712418300654, 'f1-score': 0.550841913745097, 'support': 765.0}}

Confusion Matrix:
[[  5   0   1   1   0   0   0   0   0   0   4   2   0   5   0   0   1   0
    0   2   0   0   1   0   0   0   0   0   0   0   0]
 [  0   1   0   0   0   0   0   0   0   0   1   0   0   3   0   0   0   0
    0   0   1   0   0   0   1   0   0   0   0   0   0]
 [  1   0   4   1   0   1   0   0   0   0   0   1   0   2   0   0   0   0
    1   2   1   1   0   0   1   0   0   1   0   0   0]
 [  2   0   1   3   0   0   0   0   0   0   0   0   0   2   2   0   5   0
    0   0   1   0   0   0   1   0   0   0   0   0   0]
 [  0   0   0   0   0   0   0   0   0   0   1   0   0   4   0   1   2   0
    0   0   1   1   0   0   0   0   0   0   0   0   1]
 [  0   0   0   0   0   1   0   0   0   0   0   0   0   0   0   0   0   0
    0   0   0   0   0   0   0   0   0   1   0   0   0]
 [  0   0   0   0   0   0   6   0   0   0   0   0   0   2   0   0   1   0
    0   0   2   1   1   0   0   0   0   0   0   0   0]
 [  0   0   0   0   0   0   0   0   0   0   0   0   0   0   0   0   0   0
    0   0   0   0   0   0   0   0   0   0   0   0   0]
 [  1   0   0   0   0   0   0   0   1   0   0   0   0   6   0   0   0   0
    0   0   1   0   0   0   0   0   0   0   0   0   0]
 [  0   0   0   1   0   0   0   0   0   3   0   0   0   8   0   0   0   0
    0   0   1   0   0   0   0   0   0   0   0   0   0]
 [  0   0   0   0   0   0   0   0   0   0  10   1   1  22   1   0   2   0
    0   2   1   1   0   0   0   0   0   0   0   0   0]
 [  0   0   0   0   0   0   0   0   0   0   0  26   1   1   0   1   0   0
    0   2   0   0   0   0   0   0   0   0   1   0   0]
 [  0   0   0   0   0   0   0   0   0   0   1   2   0   3   0   0   0   0
    0   0   0   1   0   0   0   0   0   0   0   0   0]
 [  1   0   2   0   0   0   0   0   0   1   3   2   0 342   0   0   1   0
    0   1   2   1   1   0   0   0   0   1   0   0   0]
 [  1   0   0   1   0   0   0   0   0   0   2   2   0   3   6   0   1   0
    0   3   3   1   0   0   0   0   0   0   0   0   0]
 [  0   0   0   0   0   0   0   0   0   0   0   0   0   4   0   3   1   0
    0   0   0   0   0   0   0   0   0   0   0   0   0]
 [  0   0   1   0   0   0   0   1   0   1   0   0   0   6   1   0   4   0
    2   4   2   1   0   0   0   0   0   0   0   0   0]
 [  0   0   0   0   0   0   0   0   0   0   0   0   0   2   0   0   0   0
    0   0   0   0   0   0   0   0   0   0   0   0   0]
 [  0   0   0   0   0   0   0   0   0   0   2   0   0   6   1   0   0   0
    8   1   1   0   0   0   0   0   0   0   0   0   0]
 [  1   0   1   1   0   0   0   0   0   1   1   0   0  20   1   0   0   0
    0   8   2   2   0   0   0   0   0   0   0   0   0]
 [  1   0   1   0   0   0   0   0   0   1   1   4   0   9   3   0   3   0
    1   1  10   1   0   0   0   0   0   0   0   0   1]
 [  0   0   0   0   0   0   1   1   0   0   2   0   0   4   1   0   0   0
    1   0   1   1   0   0   0   0   0   0   0   0   0]
 [  2   0   0   0   0   0   0   0   0   0   0   1   0   4   0   0   2   0
    1   0   0   0   3   0   0   0   0   0   0   0   0]
 [  0   0   0   0   0   0   1   0   0   0   0   0   0   1   0   0   0   0
    0   0   1   0   0   0   0   0   0   0   0   0   0]
 [  0   0   1   0   0   0   0   0   0   0   1   0   0   2   0   0   0   0
    0   1   0   0   0   0   0   0   0   0   0   0   0]
 [  0   0   1   0   0   0   0   0   0   0   0   0   0   1   0   0   1   0
    0   0   1   0   0   0   0   4   0   0   0   0   0]
 [  0   0   0   0   0   0   0   0   0   0   0   0   0   1   0   0   0   0
    1   0   1   0   0   0   0   0   2   0   0   0   0]
 [  0   0   0   0   1   0   0   0   0   0   1   0   0   6   0   0   0   0
    0   0   2   0   0   0   0   0   0   2   0   0   0]
 [  0   0   0   0   0   0   0   0   0   0   1   0   0   1   0   0   0   0
    0   0   0   0   0   0   0   0   0   0   2   0   0]
 [  0   1   0   0   0   0   0   0   0   0   1   0   0   0   0   0   0   0
    0   0   2   0   0   0   0   0   0   0   0   0   0]
 [  0   0   0   0   0   0   0   0   0   0   0   0   0   0   0   0   0   0
    0   0   0   0   0   0   0   0   0   0   0   0   0]]
